639299323
639300006
639301061
639301103
639308066
639870578
639870644
639870685
639870867
639870875
639870917
639870941
639870990
639871006
639871030
639871105
639871113
639871121
639871188
639871303
639871378
639871386
639871402
639871477
639871493
639871519
639871584
639871626
639871659
639871667
639871725
639871824
639871865
639871907
639871923
639871964
639871972
639872038
639872046
639872053
639872061
639872095
639872301
639872368
639872491
639872525
639872608
639872632
639872665
639872673
639872723
639872814
639872848
639872913
639872962
639872970
639873002
639873010
639873085
639873119
639873226
639873283
639873317
639873416
639873457
639873572
639873721
639873762
639873770
639873879
639873887
639873978
639873986
639874067
639874075
639874133
639874224
639874356
639874372
639874463
639874521
639874588
639874596
639874646
639874661
639874810
639874836
639874885
639875015
639875080
639875163
639875189
639875312
639875338
639875403
639875445
639875452
639875486
639875536
639875577
639875643
639875700
639875726
639875734
639875759
639875841
639875924
639875932
639875940
639875981
639876039
639876070
639876187
639876229
639876310
639876401
639876427
639876443
639876476
639876492
639876500
639876518
639876526
639876658
639876674
639876690
639876757
639876807
639876823
639876831
639876898
639876930
639876971
639877078
639877235
639877243
639877276
639877359
639877375
639877417
639877490
639877508
639877565
639877581
639877656
639877797
639877805
639877839
639877896
639877904
639877995
639878043
639878100
639878209
639878258
639878266
639878282
639878407
639878449
639878472
639878514
639878589
639878654
639878761
639878795
639878951
639879025
639879124
639879165
639879199
639879207
639879272
639879397
639879520
639879579
639879686
639879744
639879777
639879801
639879934
639879991
639880106
639880114
639880155
639880221
639880247
639880353
639880361
639880429
639880437
639880452
639880650
639880684
639880767
639880809
639880817
639880866
639880874
639880908
639880973
639881013
639881054
639881112
639881120
639881211
639881278
639881310
639881385
639881419
639881534
639881658
639881765
639881773
639881906
639881930
639881955
639882011
639882177
639882235
639882243
639882284
639882359
639882490
639882565
639882623
639882649
639882730
639882771
639882797
639882805
639882839
639882938
639883035
639883092
639883159
639883167
639883183
639883191
639883233
639883340
639883357
639883423
639883530
639883589
639883639
639883688
639883753
639883787
639883803
639883886
639883910
639883936
639883969
639883985
639884066
639884108
639884132
639884165
639884173
639884199
639884231
639884298
639884363
639884470
639884488
639884520
639884561
639884686
639884827
639884884
639885014
639885048
639885121
639885162
639885196
639885261
639885345
639885428
639885527
639885576
639885584
639885691
639885733
639885758
639885824
639885915
639885956
639885964
639886095
639886103
639886202
639886228
639886277
639886285
639886293
639886301
639886350
639886418
639886608
639886624
639886731
639886780
639886913
639886954
639886962
639887051
639887135
639887143
639887283
639887333
639887382
639887606
639887614
639887820
639887846
639887853
639888018
639888083
639888174
639888208
639888240
639888372
639888430
639888497
639888521
639888554
639888570
639888679
639888711
639888737
639888778
639888810
639888828
639888885
639888901
639888992
639889016
639889032
639889040
639889073
639889230
639889255
639889263
639889354
639889388
639889644
639889651
639889677
639889693
639889727
639890022
639890055
639890089
639890188
639890204
639890212
639890220
639890402
639890410
639890451
639890543
639890667
639890709
639890741
639890774
639890824
639890964
639891053
639891293
639891335
639891376
639891392
639891418
639891442
639891533
639891582
639891764
639891848
639891905
639891913
639891921
639891962
639892044
639892077
639892143
639892192
639892234
639892242
639892259
639892416
639892499
639892515
639892549
639892630
639892713
639892721
639892804
639892895
639892929
639892960
639893000
639893034
639893109
639893182
639893240
639893265
639893323
639893331
639893356
639893372
639893380
639893398
639893422
639893448
639893463
639893489
639893588
639893604
639893620
639893638
639893661
639893729
639893737
639893760
639893786
639893794
639893802
639893836
639893844
639894008
639894099
639894149
639894156
639894164
639894198
639894297
639894313
639894388
639894420
639894446
639894578
639894594
639894602
639894750
639894768
639894925
639894966
639894990
639895039
639895047
639895062
639895070
639895146
639895229
639895260
639895336
639895427
639895450
639895518
639895559
639895724
639896011
639896060
639896078
639896094
639896110
639896136
639896144
639896268
639896334
639896383
639896417
639896425
639896466
639896482
639896524
639896565
639896599
639896706
