840817368
639874034
840780343
639907834
840799566
840891728
840828589
840848322
840917309
840912821
840780046
840769783
840831823
840825544
639894610
639921256
840810066
639898504
840785326
840887882
840854080
840890845
840786647
840603883
639901209
650849346
840770807
840839800
840812427
840611886
840772381
840622149
840838323
639307928
650850955
840791787
639920696
840622701
639909293
840780368
639911729
840642840
840802063
840892627
840605383
840777687
840852720
840899549
840803863
840914645
840862406
639902231
840605706
639872327
650781952
639919029
840634664
840876802
840859501
840779345
639913618
840925567
840617404
840848249
840888609
650852498
840605987
639907438
840816261
840820107
639882888
840825205
840907128
840806825
840865862
840824489
840826989
840921566
840901089
840852563
639307878
840776366
840785920
840896305
639871170
639914004
840876760
840880549
840875366
840825684
840851086
840835105
840900065
639873465
639874604
639876393
639878845
639882920
639891228
639892879
639897886
639898348
639899254
639901597
639905416
639909137
639912180
639917437
639917718
639920662
650781960
650784428
650853520
650856234
650885944
650895224
639879322
639884462
639903908
639911026
639913238
650882206
840608601
840610201
840610508
840631009
840631702
840636560
840643004
840646544
840770005
840773140
840776028
840779162
840783669
840786704
840786829
840787801
840791845
840795788
840797305
840802964
840819844
840820321
840825320
840834488
840838307
840841863
840843901
840845823
840850765
840853744
840853983
840856408
840857620
840859949
840865367
840866902
840870946
840872926
840874328
840874963
840879806
840882107
840884541
840893963
840898582
840899465
840908605
840909900
840911047
840911542
840912300
840912722
840913969
840915568
840917705
840919743
840923307
639898389
650864527
650868668
650870300
650870938
650878550
650895745
840771508
840805868
840826286
840831526
840896446
840908001
840915600
840862125
840899226
639876757
639880155
639882243
639886095
639895336
639896268
